2205 5.38793
2604 5.82938
3063 5.7772
3548 6.53056
4005 5.25641
4537 6.55539
5306 6.66605
6194 7.16449
6837 6.89488
7175 6.99876
7488 7.58729
7888 6.71739
8304 7.32505
8654 7.79001
8982 7.91181
9357 7.49357
9665 8.65236
10066 8.74829
10514 9.0028
11407 8.84416
12079 8.94465
12751 6.16239
13249 8.49833
13799 8.5931
14310 9.61914
14725 8.72573
15035 9.46364
15426 8.81588
16027 8.87675
16619 8.9603
17451 5.72542
17968 9.86759
18520 9.1803
19083 9.21256
19491 9.2856
20035 10.1285
20581 10.1853
21059 9.41838
21623 9.51849
22078 5.78299
22878 9.69089
23510 5.80328
24172 9.82935
24754 9.91896
25064 10.8603
25410 10.9013
25705 10.9462
26037 6.4462
26391 10.0452
26807 10.0543
27470 10.9989
28121 6.71413
28776 10.0905
29233 10.0762
29596 11.0245
29940 5.09108
30457 10.0892
30831 11.061
31412 11.0641
31943 10.1282
32453 10.148
33006 11.1019
33512 11.4669
33914 10.1829
34414 11.1414
34822 11.5389
35427 10.2327
36036 11.2194
36678 10.252
37446 11.2255
38335 5.92505
38795 10.3018
39311 11.304
39619 10.3218
39983 11.3283
40266 10.3432
40544 11.3541
40813 10.3894
41268 11.4175
41813 10.4279
42498 11.4305
