2205 5.71484
3091 5.67301
3701 5.92612
4428 6.34349
5440 4.78337
6651 6.68876
7175 6.95105
7617 5.01999
8148 7.23497
8731 8.0264
9180 7.45724
9653 6.05192
10185 8.7535
11044 8.73221
12079 8.28185
12951 8.33957
13754 8.39366
14318 8.43883
14868 6.2042
15413 5.54911
16213 6.14039
17053 8.82823
17968 9.60843
18805 9.64119
19476 9.78893
20046 9.1489
20817 9.99461
21488 10.0546
22341 10.1106
23262 9.41288
24172 10.2944
24914 9.56459
25284 9.6492
25724 10.5542
26206 9.77163
26797 9.8531
27633 11.157
28559 8.91384
29233 10.0978
29744 11.0594
30315 10.1669
30942 9.14913
31620 11.1729
32301 10.2785
33127 10.3104
33693 11.3591
34414 10.4488
34994 6.96684
35870 6.092
36698 5.68093
37916 11.9602
38777 11.294
39420 11.297
39850 11.2985
40266 12.3421
40652 12.3697
41133 12.3683
41978 6.34603
