2205 5.40645
2938 5.72035
3567 5.71417
4169 6.38315
5154 6.70208
6240 6.14833
6936 7.12637
7345 5.46938
7870 5.35178
8335 7.60998
8844 7.21722
9246 5.20177
9669 7.91592
10198 7.89628
11156 8.63268
12076 8.163
12855 6.10306
13526 5.7107
14288 8.95153
14743 8.38388
15217 8.49004
15854 8.55368
16619 9.36581
17572 8.71593
18288 8.76137
19069 9.81431
19686 9.60048
20227 9.73643
20837 9.06732
21649 7.66335
22406 9.1902
23262 10.3178
24163 9.27643
24769 9.35386
25255 10.2224
25654 6.28424
26046 8.44565
26546 10.4926
27230 10.6405
28115 6.33198
28942 9.8716
29441 9.96919
29924 9.99721
30483 10.9402
31104 10.9913
31757 10.0793
32453 8.98152
33132 11.4744
33685 5.91673
34311 6.8434
34916 8.95525
35645 9.11536
36439 9.08663
37453 8.92862
38508 6.64742
39122 5.90446
39615 10.3401
40004 10.3503
40423 10.373
40786 10.3996
41287 11.4368
42117 11.4409
