344
24
92
100
86
42
66
106
54
41
26
75
54
46
19
17
91
42
28
15
11
20
131
41
19
22
9
1
5
125
37
17
8
7
12
3
5
114
42
20
10
4
5
5
1
1
99
42
21
8
5
1
2
2
3
3
121
31
14
14
3
2
4
3
4
5
1
95
41
15
10
4
8
3
1
1
4
104
23
12
6
3
3
5
2
32
101
13
3
7
3
1
6
1
76
37
12
9
10
9
4
104
16
22
5
4
6
4
4
75
31
9
12
8
3
3
5
27
85
20
10
7
2
6
4
81
17
15
9
3
3
3
3
24
83
13
5
7
2
5
2
104
36
16
7
3
1
2
4
1
101
25
15
3
5
4
1
80
31
9
8
3
92
19
12
4
5
4
100
30
16
7
3
2
88
27
7
2
3
2
135
24
7
5
3
40
216
10
1
2
83
40
16
6
78
22
14
10
4
176
29
9
2
6
65
105
10
6
2
2
105
81
42
2
1
1
110
46
35
10
82
35
14
11
11
80
28
17
10
9
9
60
29
15
8
5
6
4
72
25
22
8
4
9
2
47
21
3
5
5
4
6
6
81
19
12
6
5
5
6
5
5
47
20
7
9
4
12
11
6
5
2
55
21
8
11
12
3
3
8
7
1
5
63
28
13
11
11
4
2
7
4
8
3
1
57
39
8
22
6
6
5
3
6
2
5
5
3
126
43
21
8
10
4
5
10
9
6
6
4
7
2
114
37
17
8
9
5
7
6
4
4
1
2
1
114
34
14
7
5
2
3
3
3
1
100
30
16
6
1
2
3
1
3
108
19
12
6
3
1
1
2
50
25
8
7
5
5
2
1
66
11
8
6
6
2
2
64
17
9
16
4
7
1
4
3
1
47
30
29
8
12
3
2
2
2
59
30
22
8
1
3
1
1
1
2
67
23
18
12
4
3
4
5
4
1
47
26
18
4
5
3
2
1
1
4
91
38
16
7
6
3
3
2
2
2
1
66
39
11
10
5
3
1
3
1
1
1
77
18
14
7
2
3
2
104
26
6
6
1
2
67
37
9
1
3
69
25
6
9
1
1
64
19
6
5
2
63
29
15
2
1
115
16
14
10
6
135
28
9
3
6
123
42
18
4
112
42
14
10
2
5
106
46
26
13
8
2
3
77
47
34
13
6
4
118
53
32
16
12
6
4
98
51
29
23
11
9
3
2
105
38
27
19
22
9
5
3
1
90
47
28
29
14
8
8
5
3
102
45
21
30
11
4
7
5
5
2
81
41
30
25
19
9
8
10
6
2
112
26
29
21
19
13
9
7
8
6
7
114
45
26
20
15
14
13
9
2
3
3
6
140
43
23
16
15
13
5
5
5
2
1
1
3
154
44
23
17
8
12
7
5
7
2
3
3
3
136
32
19
9
9
4
6
3
3
3
2
1
3
118
60
23
21
10
2
4
5
1
3
1
1
65
24
20
20
14
8
3
7
5
6
2
1
3
2
2
59
34
11
11
5
3
2
3
3
2
4
2
1
2
110
30
15
8
5
5
1
1
2
4
112
29
17
4
4
4
5
4
3
1
106
34
14
4
3
6
4
2
4
117
42
16
5
7
5
3
1
5
135
46
18
10
8
4
1
4
109
32
17
6
9
5
2
107
43
20
12
6
2
2
124
32
9
3
4
2
2
2
143
37
15
4
5
2
2
166
55
21
9
5
4
1
1
2
110
29
14
8
7
4
46
161
16
12
4
1
2
152
21
11
7
6
3
4
69
27
6
7
2
2
1
118
29
19
2
3
5
130
29
9
4
3
3
2
105
25
13
14
6
3
2
77
32
20
8
10
3
93
22
27
13
15
9
5
1
44
30
28
17
9
3
4
4
149
41
22
9
11
7
3
3
2
2
119
53
20
13
7
2
5
4
1
148
40
13
12
4
3
3
3
1
2
2
111
31
9
3
3
3
3
3
4
1
1
60
119
10
6
3
3
3
3
2
87
45
23
6
6
4
4
1
1
86
32
21
9
6
4
2
5
4
93
35
20
11
11
3
3
5
5
1
104
28
12
12
6
5
3
5
4
116
53
6
11
6
5
7
3
3
58
84
29
20
4
5
4
3
3
2
3
107
60
31
13
7
4
2
2
109
46
25
17
7
7
3
2
4
3
41
92
24
11
14
10
5
2
3
4
3
128
26
8
5
7
4
4
11
2
4
47
118
7
4
1
3
1
1
1
146
34
15
3
1
2
93
66
7
4
8
85
30
35
4
1
64
46
37
9
7
96
40
19
12
11
12
73
20
21
6
4
6
86
37
15
9
4
2
109
61
27
14
3
1
1
100
57
45
18
11
9
5
2
112
46
21
16
4
4
8
4
129
57
11
13
10
5
6
2
1
137
36
19
5
7
4
5
4
144
39
15
9
7
3
1
7
3
107
49
22
13
8
3
4
4
4
1
82
28
13
12
3
1
6
3
2
2
34
97
12
4
6
2
3
2
1
3
36
69
6
2
4
7
2
3
51
13
11
5
1
1
2
1
1
52
38
15
9
6
6
3
2
3
1
77
28
10
6
4
4
7
3
2
1
2
87
23
10
8
3
3
4
2
5
6
2
1
71
22
11
7
5
6
3
12
4
9
2
3
3
88
26
7
8
3
7
8
3
4
1
1
3
1
90
29
11
6
6
3
5
2
3
5
3
1
2
98
25
16
5
4
5
3
1
3
2
2
1
105
31
23
11
8
10
4
2
2
1
96
21
13
9
6
5
12
1
3
2
159
29
6
6
4
4
2
1
102
35
9
2
2
44
63
13
3
1
2
75
25
39
7
6
83
22
27
23
4
1
74
37
16
10
11
9
80
40
25
11
16
6
94
36
18
8
5
10
4
103
55
26
19
6
6
1
2
94
51
31
17
13
7
6
103
50
27
17
13
6
9
5
5
91
47
23
16
12
9
4
5
5
2
101
49
32
18
11
4
2
5
4
2
6
113
39
19
13
7
4
7
2
3
5
2
49
78
25
15
17
3
3
3
4
2
2
3
2
90
24
15
8
3
3
2
3
2
2
1
1
1
95
30
10
6
2
5
2
2
4
2
34
97
10
9
11
4
7
5
3
1
1
114
39
9
4
7
8
10
3
2
2
5
101
41
18
2
5
4
7
4
5
1
46
79
15
9
2
3
4
1
6
1
90
46
12
8
1
1
1
78
29
9
7
5
2
4
2
38
91
12
8
8
3
91
31
9
14
6
1
3
116
37
16
6
3
8
4
3
2
80
15
14
13
8
9
5
3
106
23
16
9
7
6
3
5
28
72
23
9
17
7
4
1
108
37
12
10
8
8
5
1
79
29
18
7
12
15
4
2
5
82
30
14
14
5
6
4
92
48
12
18
14
12
109
29
21
7
11
6
8
70
35
8
8
11
12
5
93
23
11
10
13
11
8
4
3
69
26
13
6
5
9
4
4
8
30
120
12
11
13
2
8
6
3
5
42
91
12
10
5
2
2
5
2
5
1
83
24
17
7
6
4
8
89
16
9
12
8
3
1
6
77
24
14
14
9
7
6
120
24
11
8
4
11
6
3
1
75
32
10
7
6
5
2
75
26
22
11
4
4
2
2
2
79
47
18
13
3
7
7
4
5
5
87
36
19
13
8
7
3
5
4
1
84
34
18
8
9
9
3
4
94
47
20
11
6
5
4
3
3
147
51
24
11
2
1
1
3
120
52
14
13
7
4
1
2
1
161
39
19
2
1
6
5
1
2
117
35
8
8
6
3
4
2
37
145
17
12
3
3
1
3
92
35
17
7
5
8
2
147
52
25
10
5
5
1
1
136
46
29
12
6
1
55
33
20
11
5
3
118
26
20
19
1
146
59
7
9
2
141
48
23
5
14
2
148
49
22
10
2
4
111
43
39
7
8
2
137
38
18
8
7
5
56
39
29
20
9
4
1
52
31
28
12
7
6
1
74
29
13
11
10
4
4
97
41
12
7
6
4
6
1
76
43
11
12
6
2
3
2
7
2
100
37
21
10
7
3
4
5
3
3
64
30
9
7
6
7
4
2
3
96
24
7
6
8
4
3
5
4
2
2
2
58
16
6
16
3
4
5
8
7
2
77
10
7
10
4
6
5
3
2
3
71
25
14
6
6
6
2
1
1
1
87
21
15
12
4
3
4
4
1
1
1
1
77
14
8
4
3
7
3
3
3
1
71
29
14
9
6
9
2
2
1
1
1
1
2
69
16
11
6
4
7
4
1
3
1
53
22
7
13
4
3
3
2
2
3
1
1
96
14
9
4
8
8
5
2
3
1
74
38
12
6
5
2
2
1
1
1
112
33
16
7
4
2
6
4
1
1
88
35
10
9
3
2
1
99
40
17
8
2
4
144
19
14
10
5
2
104
29
11
8
2
1
1
116
39
10
6
4
5
2
1
121
43
12
7
4
3
75
43
24
13
9
7
3
2
86
50
20
13
5
2
1
126
48
13
8
5
3
2
3
62
123
34
13
3
3
2
136
56
30
18
9
4
1
1
1
130
39
