344
368
460
560
646
688
754
860
914
955
981
1056
1110
1156
1175
1192
1283
1325
1353
1368
1379
1399
1530
1571
1590
1612
1621
1622
1627
1752
1789
1806
1814
1821
1833
1836
1841
1955
1997
2017
2027
2031
2036
2041
2042
2043
2142
2184
2205
2213
2218
2219
2221
2223
2226
2229
2350
2381
2395
2409
2412
2414
2418
2421
2425
2430
2431
2526
2567
2582
2592
2596
2604
2607
2608
2609
2613
2717
2740
2752
2758
2761
2764
2769
2771
2803
2904
2917
2920
2927
2930
2931
2937
2938
3014
3051
3063
3072
3082
3091
3095
3199
3215
3237
3242
3246
3252
3256
3260
3335
3366
3375
3387
3395
3398
3401
3406
3433
3518
3538
3548
3555
3557
3563
3567
3648
3665
3680
3689
3692
3695
3698
3701
3725
3808
3821
3826
3833
3835
3840
3842
3946
3982
3998
4005
4008
4009
4011
4015
4016
4117
4142
4157
4160
4165
4169
4170
4250
4281
4290
4298
4301
4393
4412
4424
4428
4433
4437
4537
4567
4583
4590
4593
4595
4683
4710
4717
4719
4722
4724
4859
4883
4890
4895
4898
4938
5154
5164
5165
5167
5250
5290
5306
5312
5390
5412
5426
5436
5440
5616
5645
5654
5656
5662
5727
5832
5842
5848
5850
5852
5957
6038
6080
6082
6083
6084
6194
6240
6275
6285
6367
6402
6416
6427
6438
6518
6546
6563
6573
6582
6591
6651
6680
6695
6703
6708
6714
6718
6790
6815
6837
6845
6849
6858
6860
6907
6928
6931
6936
6941
6945
6951
6957
7038
7057
7069
7075
7080
7085
7091
7096
7101
7148
7168
7175
7184
7188
7200
7211
7217
7222
7224
7279
7300
7308
7319
7331
7334
7337
7345
7352
7353
7358
7421
7449
7462
7473
7484
7488
7490
7497
7501
7509
7512
7513
7570
7609
7617
7639
7645
7651
7656
7659
7665
7667
7672
7677
7680
7806
7849
7870
7878
7888
7892
7897
7907
7916
7922
7928
7932
7939
7941
8055
8092
8109
8117
8126
8131
8138
8144
8148
8152
8153
8155
8156
8270
8304
8318
8325
8330
8332
8335
8338
8341
8342
8442
8472
8488
8494
8495
8497
8500
8501
8504
8612
8631
8643
8649
8652
8653
8654
8656
8706
8731
8739
8746
8751
8756
8758
8759
8825
8836
8844
8850
8856
8858
8860
8924
8941
8950
8966
8970
8977
8978
8982
8985
8986
9033
9063
9092
9100
9112
9115
9117
9119
9121
9180
9210
9232
9240
9241
9244
9245
9246
9247
9249
9316
9339
9357
9369
9373
9376
9380
9385
9389
9390
9437
9463
9481
9485
9490
9493
9495
9496
9497
9501
9592
9630
9646
9653
9659
9662
9665
9667
9669
9671
9672
9738
9777
9788
9798
9803
9806
9807
9810
9811
9812
9813
9890
9908
9922
9929
9931
9934
9936
10040
10066
10072
10078
10079
10081
10148
10185
10194
10195
10198
10267
10292
10298
10307
10308
10309
10373
10392
10398
10403
10405
10468
10497
10512
10514
10515
10630
10646
10660
10670
10676
10811
10839
10848
10851
10857
10980
11022
11040
11044
11156
11198
11212
11222
11224
11229
11335
11381
11407
11420
11428
11430
11433
11510
11557
11591
11604
11610
11614
11732
11785
11817
11833
11845
11851
11855
11953
12004
12033
12056
12067
12076
12079
12081
12186
12224
12251
12270
12292
12301
12306
12309
12310
12400
12447
12475
12504
12518
12526
12534
12539
12542
12644
12689
12710
12740
12751
12755
12762
12767
12772
12774
12855
12896
12926
12951
12970
12979
12987
12997
13003
13005
13117
13143
13172
13193
13212
13225
13234
13241
13249
13255
13262
13376
13421
13447
13467
13482
13496
13509
13518
13520
13523
13526
13532
13672
13715
13738
13754
13769
13782
13787
13792
13797
13799
13800
13801
13804
13958
14002
14025
14042
14050
14062
14069
14074
14081
14083
14086
14089
14092
14228
14260
14279
14288
14297
14301
14307
14310
14313
14316
14318
14319
14322
14440
14500
14523
14544
14554
14556
14560
14565
14566
14569
14570
14571
14636
14660
14680
14700
14714
14722
14725
14732
14737
14743
14745
14746
14749
14751
14753
14812
14846
14857
14868
14873
14876
14878
14881
14884
14886
14890
14892
14893
14895
15005
15035
15050
15058
15063
15068
15069
15070
15072
15076
15188
15217
15234
15238
15242
15246
15251
15255
15258
15259
15365
15399
15413
15417
15420
15426
15430
15432
15436
15553
15595
15611
15616
15623
15628
15631
15632
15637
15772
15818
15836
15846
15854
15858
15859
15863
15972
16004
16021
16027
16036
16041
16043
16150
16193
16213
16225
16231
16233
16235
16359
16391
16400
16403
16407
16409
16411
16413
16556
16593
16608
16612
16617
16619
16621
16787
16842
16863
16872
16877
16881
16882
16883
16885
16995
17024
17038
17046
17053
17057
17103
17264
17280
17292
17296
17297
17299
17451
17472
17483
17490
17496
17499
17503
17572
17599
17605
17612
17614
17616
17617
17735
17764
17783
17785
17788
17793
17923
17952
17961
17965
17968
17971
17973
18078
18103
18116
18130
18136
18139
18141
18218
18250
18270
18278
18288
18291
18384
18406
18433
18446
18461
18470
18475
18476
18520
18550
18578
18595
18604
18607
18611
18615
18764
18805
18827
18836
18847
18854
18857
18860
18862
18864
18983
19036
19056
19069
19076
19078
19083
19087
19088
19236
19276
19289
19301
19305
19308
19311
19314
19315
19317
19319
19430
19461
19470
19473
19476
19479
19482
19485
19489
19490
19491
19551
19670
19680
19686
19689
19692
19695
19698
19700
19787
19832
19855
19861
19867
19871
19875
19876
19877
19963
19995
20016
20025
20031
20035
20037
20042
20046
20139
20174
20194
20205
20216
20219
20222
20227
20232
20233
20337
20365
20377
20389
20395
20400
20403
20408
20412
20528
20581
20587
20598
20604
20609
20616
20619
20622
20680
20764
20793
20813
20817
20822
20826
20829
20832
20834
20837
20944
21004
21035
21048
21055
21059
21061
21063
21172
21218
21243
21260
21267
21274
21277
21279
21283
21286
21327
21419
21443
21454
21468
21478
21483
21485
21488
21492
21495
21623
21649
21657
21662
21669
21673
21677
21688
21690
21694
21741
21859
21866
21870
21871
21874
21875
21876
21877
22023
22057
22072
22075
22076
22078
22171
22237
22244
22248
22256
22341
22371
22406
22410
22411
22475
22521
22558
22567
22574
22670
22710
22729
22741
22752
22764
22837
22857
22878
22884
22888
22894
22980
23017
23032
23041
23045
23047
23156
23217
23244
23258
23261
23262
23263
23363
23420
23465
23483
23494
23503
23508
23510
23622
23668
23689
23705
23709
23713
23721
23725
23854
23911
23922
23935
23945
23950
23956
23958
23959
24096
24132
24151
24156
24163
24167
24172
24176
24320
24359
24374
24383
24390
24393
24394
24401
24404
24511
24560
24582
24595
24603
24606
24610
24614
24618
24619
24701
24729
24742
24754
24757
24758
24764
24767
24769
24771
24805
24902
24914
24918
24924
24926
24929
24931
24932
24935
24971
25040
25046
25048
25052
25059
25061
25064
25115
25128
25139
25144
25145
25146
25148
25149
25150
25202
25240
25255
25264
25270
25276
25279
25281
25284
25285
25362
25390
25400
25406
25410
25414
25421
25424
25426
25427
25429
25516
25539
25549
25557
25560
25563
25567
25569
25574
25580
25582
25583
25654
25676
25687
25694
25699
25705
25708
25720
25724
25733
25735
25738
25741
25829
25855
25862
25870
25873
25880
25888
25891
25895
25896
25897
25900
25901
25991
26020
26031
26037
26043
26046
26051
26053
26056
26061
26064
26065
26067
26165
26190
26206
26211
26215
26220
26223
26224
26227
26229
26231
26232
26337
26368
26391
26402
26410
26420
26424
26426
26428
26429
26525
26546
26559
26568
26574
26579
26591
26592
26595
26597
26756
26785
26791
26797
26801
26805
26807
26808
26910
26945
26954
26956
26958
27002
27065
27078
27081
27082
27084
27159
27184
27223
27230
27236
27319
27341
27368
27391
27395
27396
27470
27507
27523
27533
27544
27553
27633
27673
27698
27709
27725
27731
27825
27861
27879
27887
27892
27902
27906
28009
28064
28090
28109
28115
28121
28122
28124
28218
28269
28300
28317
28330
28337
28343
28446
28496
28523
28540
28553
28559
28568
28573
28578
28669
28716
28739
28755
28767
28776
28780
28785
28790
28792
28893
28942
28974
28992
29003
29007
29009
29014
29018
29020
29026
29139
29178
29197
29210
29217
29221
29228
29230
29233
29238
29240
29289
29367
29392
29407
29424
29427
29430
29433
29437
29439
29441
29444
29446
29536
29560
29575
29583
29586
29589
29591
29594
29596
29598
29599
29600
29601
29696
29726
29736
29742
29744
29749
29751
29753
29757
29759
29793
29890
29900
29909
29920
29924
29931
29936
29939
29940
29941
30055
30094
30103
30107
30114
30122
30132
30135
30137
30139
30144
30245
30286
30304
30306
30311
30315
30322
30326
30331
30332
30378
30457
30472
30481
30483
30486
30490
30491
30497
30498
30588
30634
30646
30654
30655
30656
30657
30735
30764
30773
30780
30785
30787
30791
30793
30831
30922
30934
30942
30950
30953
31044
31075
31084
31098
31104
31105
31108
31224
31261
31277
31283
31286
31294
31298
31301
31303
31383
31398
31412
31425
31433
31442
31447
31450
31556
31579
31595
31604
31611
31617
31620
31625
31653
31725
31748
31757
31774
31781
31785
31786
31894
31931
31943
31953
31961
31969
31974
31975
32054
32083
32101
32108
32120
32135
32139
32141
32146
32228
32258
32272
32286
32291
32297
32301
32393
32441
32453
32471
32485
32497
32606
32635
32656
32663
32674
32680
32688
32758
32793
32801
32809
32820
32832
32837
32930
32953
32964
32974
32987
32998
33006
33010
33013
33082
33108
33121
33127
33132
33141
33145
33149
33157
33187
33307
33319
33330
33343
33345
33353
33359
33362
33367
33409
33500
33512
33522
33527
33529
33531
33536
33538
33543
33544
33627
33651
33668
33675
33681
33685
33693
33782
33798
33807
33819
33827
33830
33831
33837
33914
33938
33952
33966
33975
33982
33988
34108
34132
34143
34151
34155
34166
34172
34175
34176
34251
34283
34293
34300
34306
34311
34313
34388
34414
34436
34447
34451
34455
34457
34459
34461
34540
34587
34605
34618
34621
34628
34635
34639
34644
34649
34736
34772
34791
34804
34812
34819
34822
34827
34831
34832
34916
34950
34968
34976
34985
34994
34997
35001
35095
35142
35162
35173
35179
35184
35188
35191
35194
35341
35392
35416
35427
35429
35430
35431
35434
35554
35606
35620
35633
35640
35644
35645
35647
35648
35809
35848
35867
35869
35870
35876
35881
35882
35884
36001
36036
36044
36052
36058
36061
36065
36067
36104
36249
36266
36278
36281
36284
36285
36288
36380
36415
36432
36439
36444
36452
36454
36601
36653
36678
36688
36693
36698
36699
36700
36836
36882
36911
36923
36929
36930
36985
37018
37038
37049
37054
37057
37175
37201
37221
37240
37241
37387
37446
37453
37462
37464
37605
37653
37676
37681
37695
37697
37845
37894
37916
37926
37928
37932
38043
38086
38125
38132
38140
38142
38279
38317
38335
38343
38350
38355
38411
38450
38479
38499
38508
38512
38513
38565
38596
38624
38636
38643
38649
38650
38724
38753
38766
38777
38787
38791
38795
38892
38933
38945
38952
38958
38962
38968
38969
39045
39088
39099
39111
39117
39119
39122
39124
39131
39133
39233
39270
39291
39301
39308
39311
39315
39320
39323
39326
39390
39420
39429
39436
39442
39449
39453
39455
39458
39554
39578
39585
39591
39599
39603
39606
39611
39615
39617
39619
39621
39679
39695
39701
39717
39720
39724
39729
39737
39744
39746
39823
39833
39840
39850
39854
39860
39865
39868
39870
39873
39944
39969
39983
39989
39995
40001
40003
40004
40005
40006
40093
40114
40129
40141
40145
40148
40152
40156
40157
40158
40159
40160
40237
40251
40259
40263
40266
40273
40276
40279
40282
40283
40354
40383
40397
40406
40412
40421
40423
40425
40426
40427
40428
40429
40431
40500
40516
40527
40533
40537
40544
40548
40549
40552
40553
40606
40628
40635
40648
40652
40655
40658
40660
40662
40665
40666
40667
40763
40777
40786
40790
40798
40806
40811
40813
40816
40817
40891
40929
40941
40947
40952
40954
40956
40957
40958
40959
41071
41104
41120
41127
41131
41133
41139
41143
41144
41145
41233
41268
41278
41287
41290
41292
41293
41392
41432
41449
41457
41459
41463
41607
41626
41640
41650
41655
41657
41761
41790
41801
41809
41811
41812
41813
41929
41968
41978
41984
41988
41993
41995
41996
42117
42160
42172
42179
42183
42186
42261
42304
42328
42341
42350
42357
42360
42362
42448
42498
42518
42531
42536
42538
42539
42665
42713
42726
42734
42739
42742
42744
42747
42809
42932
42966
42979
42982
42985
42987
43123
43179
43209
43227
43236
43240
43241
43242
43243
43373
43412
