2205 5.43024
3260 5.61293
4005 5.3205
4859 6.40072
6194 7.02392
6957 6.98034
7488 6.36503
8109 7.45078
8654 7.58679
9180 6.68094
9665 7.36175
10298 8.34296
11407 8.02106
12447 6.10935
13249 8.18785
14081 8.79284
14725 7.65529
15238 8.31616
16027 8.38907
17024 8.46745
17968 8.54439
18847 9.54998
19491 9.38323
20232 7.83671
21059 8.78625
21866 9.59034
22878 9.6299
23935 9.72787
24754 10.0959
25255 9.93127
25705 9.20633
26206 6.63004
26807 9.33864
27825 9.37055
28776 9.49301
29439 9.59461
29940 10.5665
30654 5.30852
31412 9.89741
32139 9.96382
33006 9.97514
33675 6.37199
34414 10.0623
35095 5.30246
36036 6.8265
36985 10.2345
38335 11.3061
39111 11.7935
39619 5.94759
40145 9.47108
40544 11.4324
40959 11.4305
41813 11.1414
